CLASAMENT LIGA 1 - ETAPA 18

+------+--------------------------------+-------+------+------+------+-------+-------+------+------+
|      |                                | MJ    | V    | E    | Î    | GM    | GP    | G    | P    |
+------+--------------------------------+-------+------+------+------+-------+-------+------+------+
| 1    | FC CFR 1907 CLUJ               | 17    | 15   | 0    | 2    | 27    | 8     | 19   | 45   |
| 2    | FC FCSB                        | 17    | 11   | 4    | 2    | 32    | 15    | 17   | 37   |
| 3    | FC VOLUNTARI                   | 17    | 9    | 2    | 6    | 20    | 18    | 2    | 29   |
| 4    | UNIVERSITATEA CRAIOVA          | 17    | 9    | 1    | 7    | 32    | 19    | 13   | 28   |
| 5    | FC RAPID 1923                  | 17    | 7    | 7    | 3    | 22    | 15    | 7    | 28   |
| 6    | FC BOTOSANI                    | 17    | 7    | 7    | 3    | 16    | 15    | 1    | 28   |
| 7    | FC ARGES                       | 17    | 8    | 3    | 6    | 17    | 12    | 5    | 27   |
| 8    | FARUL CONSTANTA                | 17    | 7    | 5    | 5    | 19    | 10    | 9    | 26   |
| 9    | UTA ARAD                       | 17    | 6    | 7    | 4    | 15    | 11    | 4    | 25   |
| 10   | AFC CHINDIA TARGOVISTE         | 17    | 4    | 7    | 6    | 12    | 12    | 0    | 19   |
| 11   | SEPSI OSK                      | 17    | 3    | 9    | 5    | 17    | 17    | 0    | 18   |
| 12   | CS MIOVENI                     | 17    | 4    | 5    | 8    | 11    | 23    | -12  | 17   |
| 13   | GAZ METAN                      | 17    | 4    | 4    | 9    | 13    | 20    | -7   | 16   |
| 14   | U CRAIOVA 1948                 | 17    | 3    | 6    | 8    | 11    | 17    | -6   | 15   |
| 15   | FC DINAMO 1948                 | 17    | 2    | 3    | 12   | 13    | 38    | -25  | 9    |
| 16   | ACADEMICA CLINCENI             | 17    | 0    | 4    | 13   | 12    | 39    | -27  | 4    |
+------+--------------------------------+-------+------+------+------+-------+-------+------+------+